dataset	classification_setting	classes	classes_counts	test_labels	pred_labels	pred_proba
Feng_2015	binary	[0 1]	[608 608]	"[1 0 0 0 0 0 1 0 1 0 1 0 1 0 1 0 0 0 0 0 1 0 0 0 1 0 0 1 1 0 0 0 1 0 0 1 0
 0 0 0 0 0 0 1 1 1 1 1 1 1 1 1 1 1 1 1 1 1 1 1 0 0 0 0 0 0 0 0 0 0 0 0 0 0
 0 0 0 0 0 1 0 0 0 1 1 1 1 1 1 1 1 1 1 1 0 1 0 1 1 1 0 0 0 0 0 0]"		
Franzosa_2019	binary	[0 1]	[228 228]	"[1 1 1 1 0 1 1 1 1 1 1 1 1 1 1 1 1 1 1 1 1 1 1 0 0 1 1 1 1 0 1 1 1 1 1 1 1
 1 1 1 1 1 0 0 0 0 0 0 0 0 0 0 1 1 1 1 1 1 1 1 1 1 1 1 1 1 1 1 0 1 1 1 1 1
 1 1 1 1 0 0 1 1 1 1 1 1 1 1 1 1 1 1 1 1 1 1 1 1 0 0 1 1 1 1 1 0 1 1 1 1 1
 1 1 1 0 0 0 0 0 1 1 1 0 0 1 1 0 0 1 0 1 1 1 1 1 1 1 1 1 1 0 1 0 0 0 0 1 0
 0 0 0 0 1 1 1 1 1 0 0 1 0 0 1 1 1 1 1 1 1 1 1 1 1 1 0 0 1 1 1 0 0 0 0 1 1
 1 1 0 0 1 0 1 1 1 1 1 0 1 1 1 1 1 1 1 1 1 1 0 1 1 0 1 1 1 1 1 1 1 1 1]"	"[0 1 1 1 1 1 1 1 1 1 1 1 1 1 1 1 1 1 1 0 0 1 1 0 1 0 1 1 1 0 1 0 1 1 1 1 0
 1 1 1 1 1 1 0 1 1 1 1 0 1 0 1 1 1 1 1 0 1 1 1 1 1 1 1 1 1 1 1 1 1 1 1 1 1
 1 1 1 1 1 1 1 1 1 1 1 0 1 1 1 1 1 1 1 1 1 1 1 1 0 0 1 1 1 1 0 1 1 1 0 1 1
 1 0 1 1 0 1 0 0 1 1 1 1 1 1 1 1 0 1 0 1 1 1 1 1 0 1 1 1 1 1 1 0 0 1 1 1 0
 1 0 1 1 1 1 1 1 1 1 0 1 0 0 1 1 1 1 0 1 1 1 1 1 1 1 0 1 1 1 1 1 1 1 1 1 1
 1 0 0 0 0 0 1 1 1 1 1 0 1 1 1 0 1 1 1 1 1 1 1 1 0 0 1 1 1 1 1 1 1 1 1]"	"[[0.50476414 0.49523589]
 [0.07886814 0.92113185]
 [0.22129822 0.77870178]
 [0.18731856 0.81268144]
 [0.28144157 0.71855843]
 [0.10583245 0.89416748]
 [0.16384801 0.83615196]
 [0.47724962 0.52275038]
 [0.04659242 0.95340759]
 [0.30876976 0.6912303 ]
 [0.03726227 0.96273768]
 [0.16066314 0.83933687]
 [0.15990645 0.84009355]
 [0.46906105 0.53093898]
 [0.11277212 0.88722789]
 [0.15243013 0.84756988]
 [0.06837518 0.93162477]
 [0.02246976 0.97753024]
 [0.06130364 0.93869638]
 [0.53177851 0.46822149]
 [0.58959699 0.41040304]
 [0.12748826 0.87251174]
 [0.24418557 0.75581443]
 [0.60605681 0.39394325]
 [0.45845658 0.54154342]
 [0.53036648 0.46963352]
 [0.07185862 0.92814136]
 [0.09706458 0.90293545]
 [0.13830781 0.86169219]
 [0.79027492 0.20972511]
 [0.05821384 0.94178617]
 [0.69601482 0.30398518]
 [0.16942826 0.83057171]
 [0.07619414 0.92380589]
 [0.38122553 0.61877447]
 [0.05255394 0.94744611]
 [0.54480362 0.45519641]
 [0.13162053 0.86837947]
 [0.2294132  0.77058679]
 [0.01933378 0.98066616]
 [0.16141106 0.83858895]
 [0.163431   0.83656895]
 [0.16262338 0.83737659]
 [0.66971862 0.33028144]
 [0.4244394  0.57556057]
 [0.3191303  0.68086976]
 [0.45626414 0.54373586]
 [0.38580498 0.61419499]
 [0.5163036  0.48369643]
 [0.20934886 0.79065114]
 [0.50720084 0.49279916]
 [0.13781431 0.86218572]
 [0.01632387 0.98367614]
 [0.10698677 0.89301324]
 [0.22180124 0.77819878]
 [0.07959891 0.92040104]
 [0.59388965 0.40611038]
 [0.16966243 0.83033758]
 [0.26610711 0.73389292]
 [0.13040277 0.8695972 ]
 [0.29738024 0.70261979]
 [0.28667253 0.71332747]
 [0.33131182 0.66868818]
 [0.13939917 0.86060083]
 [0.33879474 0.66120529]
 [0.30767593 0.69232404]
 [0.27277511 0.72722489]
 [0.27565673 0.7243433 ]
 [0.41233018 0.58766985]
 [0.3067936  0.69320637]
 [0.12606858 0.87393141]
 [0.03510296 0.96489704]
 [0.17293948 0.82706058]
 [0.19461663 0.80538338]
 [0.07305376 0.92694622]
 [0.40060404 0.59939593]
 [0.17013904 0.82986093]
 [0.46914995 0.53085005]
 [0.31655365 0.68344635]
 [0.2513898  0.7486102 ]
 [0.35611838 0.64388162]
 [0.4726848  0.5273152 ]
 [0.22555161 0.77444839]
 [0.12154318 0.87845683]
 [0.26664254 0.73335743]
 [0.64177895 0.35822105]
 [0.22018702 0.77981299]
 [0.18571793 0.81428206]
 [0.17672567 0.82327437]
 [0.3617245  0.6382755 ]
 [0.21456948 0.78543055]
 [0.19465394 0.80534607]
 [0.24456187 0.75543815]
 [0.33832565 0.66167432]
 [0.21499199 0.78500801]
 [0.33120286 0.66879714]
 [0.13666439 0.86333555]
 [0.1575093  0.84249073]
 [0.64278781 0.35721219]
 [0.76815492 0.2318451 ]
 [0.04183216 0.95816785]
 [0.33929917 0.66070086]
 [0.26798639 0.73201364]
 [0.17585585 0.82414418]
 [0.57078677 0.42921326]
 [0.3978847  0.60211533]
 [0.10109168 0.89890832]
 [0.25743616 0.74256384]
 [0.59323984 0.40676016]
 [0.14248298 0.857517  ]
 [0.21819313 0.78180689]
 [0.11819068 0.88180929]
 [0.61819327 0.38180673]
 [0.43722433 0.56277567]
 [0.1861434  0.8138566 ]
 [0.72072756 0.27927247]
 [0.16612807 0.8338719 ]
 [0.81821895 0.1817811 ]
 [0.71392775 0.28607228]
 [0.2605179  0.7394821 ]
 [0.16241066 0.83758932]
 [0.1995634  0.80043662]
 [0.40724385 0.59275615]
 [0.0455416  0.95445842]
 [0.14482193 0.85517812]
 [0.28171122 0.71828878]
 [0.17281632 0.82718366]
 [0.67866564 0.32133436]
 [0.03476198 0.96523803]
 [0.56950009 0.43049991]
 [0.20375128 0.79624873]
 [0.12583245 0.87416756]
 [0.19192685 0.80807316]
 [0.04108474 0.95891523]
 [0.32096648 0.67903352]
 [0.69420946 0.30579054]
 [0.05348613 0.94651389]
 [0.12702189 0.87297809]
 [0.20234683 0.7976532 ]
 [0.19833066 0.80166936]
 [0.06101957 0.93898046]
 [0.17406033 0.82593966]
 [0.81875598 0.18124403]
 [0.6047436  0.3952564 ]
 [0.3938309  0.6061691 ]
 [0.08408787 0.91591215]
 [0.37905449 0.62094551]
 [0.56095058 0.43904942]
 [0.37967086 0.6203292 ]
 [0.61675721 0.38324276]
 [0.29344177 0.70655823]
 [0.15406668 0.84593332]
 [0.25203094 0.74796909]
 [0.1015797  0.89842033]
 [0.24031094 0.75968909]
 [0.20442909 0.79557091]
 [0.08185413 0.91814584]
 [0.37038714 0.62961286]
 [0.62004322 0.37995681]
 [0.16250667 0.83749336]
 [0.73900515 0.26099488]
 [0.65753376 0.34246624]
 [0.22831634 0.77168369]
 [0.28778344 0.71221662]
 [0.18303052 0.81696951]
 [0.22955729 0.77044272]
 [0.6040706  0.3959294 ]
 [0.27859735 0.72140265]
 [0.19805868 0.80194134]
 [0.10490329 0.89509672]
 [0.16909108 0.83090895]
 [0.13347396 0.86652607]
 [0.09272341 0.90727657]
 [0.21754463 0.78245538]
 [0.52798367 0.47201633]
 [0.20929755 0.79070246]
 [0.21199757 0.78800243]
 [0.03737077 0.96262926]
 [0.19433461 0.80566537]
 [0.41604084 0.58395916]
 [0.37767968 0.62232035]
 [0.1745825  0.82541752]
 [0.1428996  0.85710043]
 [0.40816784 0.59183216]
 [0.25960925 0.74039078]
 [0.03485589 0.9651441 ]
 [0.55255407 0.44744593]
 [0.52071536 0.4792847 ]
 [0.742603   0.257397  ]
 [0.69820416 0.30179584]
 [0.60608554 0.39391449]
 [0.13491851 0.86508149]
 [0.07008705 0.92991292]
 [0.33427069 0.66572934]
 [0.14604053 0.85395944]
 [0.12707016 0.87292981]
 [0.52195704 0.47804299]
 [0.18295167 0.81704831]
 [0.03426228 0.9657377 ]
 [0.07995825 0.9200418 ]
 [0.67011541 0.32988456]
 [0.25814086 0.74185914]
 [0.14199926 0.85800076]
 [0.10094951 0.89905047]
 [0.21624163 0.7837584 ]
 [0.21440636 0.78559369]
 [0.139494   0.860506  ]
 [0.30552134 0.69447869]
 [0.15507425 0.84492576]
 [0.71611494 0.28388512]
 [0.73090464 0.26909539]
 [0.18056221 0.8194378 ]
 [0.20337696 0.79662305]
 [0.49135724 0.50864273]
 [0.18170905 0.81829095]
 [0.05854209 0.94145793]
 [0.16484252 0.83515751]
 [0.02763744 0.97236258]
 [0.12696445 0.87303555]
 [0.1962384  0.8037616 ]]"
Gupta_2019	binary	[0 1]	[625 625]	"[1 1 1 1 1 1 1 1 1 1 1 1 1 0 0 0 0 0 0 0 0 0 0 0 0 0 0 0 0 0 0 0 0 0 0 0 0
 0 0 0 0 0 0 1 1 1 1 1 1 1 1 1 1 1 1 1 1 1]"	"[1 0 0 0 0 1 0 1 1 0 0 0 0 0 0 0 0 0 0 0 0 0 0 0 0 0 0 0 0 0 0 0 0 0 0 0 0
 0 0 0 0 0 0 0 1 1 1 0 0 0 1 1 0 0 1 1 1 1]"	"[[0.33928427 0.6607157 ]
 [0.57321715 0.42678288]
 [0.53014404 0.46985596]
 [0.54621297 0.45378703]
 [0.5300349  0.46996513]
 [0.15595445 0.84404558]
 [0.50664914 0.49335083]
 [0.19489208 0.80510795]
 [0.11351262 0.88648736]
 [0.51942915 0.48057088]
 [0.5441801  0.4558199 ]
 [0.5544368  0.44556317]
 [0.57389581 0.42610419]
 [0.54995656 0.45004341]
 [0.58546793 0.41453207]
 [0.55585033 0.44414967]
 [0.57862335 0.42137668]
 [0.56274593 0.43725407]
 [0.63494915 0.36505085]
 [0.58972186 0.41027814]
 [0.59347093 0.40652907]
 [0.5825544  0.4174456 ]
 [0.59476364 0.40523639]
 [0.55031103 0.44968897]
 [0.5733766  0.4266234 ]
 [0.58341169 0.41658828]
 [0.54422027 0.45577976]
 [0.56036377 0.43963623]
 [0.55346775 0.44653228]
 [0.56010479 0.43989521]
 [0.56700087 0.43299913]
 [0.58304495 0.41695505]
 [0.55248922 0.44751078]
 [0.63134354 0.36865646]
 [0.59128946 0.40871057]
 [0.58214998 0.41785002]
 [0.56065822 0.43934175]
 [0.57965934 0.42034066]
 [0.57917809 0.42082191]
 [0.5494976  0.4505024 ]
 [0.57252073 0.42747933]
 [0.5270282  0.4729718 ]
 [0.55729061 0.44270939]
 [0.52708083 0.47291914]
 [0.10648869 0.8935113 ]
 [0.48651087 0.51348913]
 [0.19800931 0.80199069]
 [0.53768611 0.46231386]
 [0.64945167 0.35054833]
 [0.51832986 0.48167014]
 [0.07560418 0.9243958 ]
 [0.21123458 0.78876543]
 [0.51580286 0.48419717]
 [0.53160053 0.46839952]
 [0.47374177 0.52625829]
 [0.47196063 0.5280394 ]
 [0.09287445 0.90712559]
 [0.22191162 0.77808839]]"
Hannigan_2017	binary	[0 1]	[626 626]	"[1 1 1 1 1 1 1 1 1 1 1 1 1 1 1 1 1 1 1 1 1 1 1 1 1 1 1 0 0 0 0 0 0 0 0 0 0
 0 0 0 0 0 0 0 0 0 0 0 0 0 0 0 0 0 0]"	"[1 1 1 1 1 1 1 1 1 1 1 1 1 1 1 1 1 1 1 1 1 1 1 1 1 1 1 1 1 1 1 1 1 1 1 1 1
 1 1 1 1 1 1 1 1 1 1 1 1 1 1 1 1 1 1]"	"[[0.48777726 0.51222277]
 [0.40922236 0.59077764]
 [0.46061268 0.53938735]
 [0.39817065 0.60182935]
 [0.39021978 0.60978019]
 [0.39898869 0.60101134]
 [0.44643191 0.55356807]
 [0.18184781 0.81815219]
 [0.34956545 0.65043455]
 [0.07800085 0.92199916]
 [0.40160695 0.59839308]
 [0.32998756 0.67001247]
 [0.14563537 0.85436463]
 [0.4295257  0.57047427]
 [0.4003852  0.5996148 ]
 [0.31029272 0.68970728]
 [0.37745169 0.62254834]
 [0.39376295 0.60623705]
 [0.40174738 0.59825265]
 [0.43736303 0.56263703]
 [0.47234556 0.52765447]
 [0.38458955 0.61541045]
 [0.43609953 0.56390053]
 [0.41503039 0.58496958]
 [0.45767009 0.54232991]
 [0.48741049 0.51258951]
 [0.39706862 0.60293138]
 [0.46007204 0.53992796]
 [0.43375307 0.56624693]
 [0.39557996 0.60442007]
 [0.42941311 0.57058686]
 [0.4628484  0.53715163]
 [0.36332816 0.63667184]
 [0.46143827 0.5385617 ]
 [0.40636081 0.59363925]
 [0.36734432 0.63265568]
 [0.39072728 0.60927272]
 [0.43486184 0.56513822]
 [0.37193039 0.62806958]
 [0.40300769 0.59699231]
 [0.37462845 0.62537158]
 [0.44330972 0.55669034]
 [0.44245815 0.55754185]
 [0.42593858 0.57406145]
 [0.38229644 0.61770356]
 [0.39179283 0.60820717]
 [0.39104065 0.60895938]
 [0.47892055 0.52107942]
 [0.3844133  0.6155867 ]
 [0.47202432 0.52797568]
 [0.44664529 0.55335474]
 [0.46640268 0.53359735]
 [0.430572   0.56942803]
 [0.29888499 0.70111501]
 [0.41391647 0.58608353]]"
Lloyd-Price_2019	binary	[0 1]	[312 312]	"[1 1 1 1 1 1 1 1 1 1 1 1 1 1 1 1 0 1 1 1 1 1 1 1 1 1 1 1 1 1 1 1 1 1 1 0 0
 1 0 1 1 0 1 0 1 1 0 0 0 1 1 1 1 1 1 1 1 1 1 1 1 0 1 1 1 1 1 1 1 1 0 0 0 0
 0 0 0 1 1 1 1 0 0 0 0 1 0 1 0 1 1 1 1 1 1 0 1 0 0 1 1 1 1 1 1 1]"	"[1 1 1 1 1 1 1 1 1 0 1 1 1 1 1 0 0 1 1 1 1 1 1 1 1 1 1 1 1 1 0 1 1 1 1 0 1
 1 1 1 1 0 1 1 1 1 0 1 1 1 1 1 1 1 1 1 1 1 1 0 0 0 1 1 1 0 1 1 1 1 1 0 0 0
 1 1 0 0 1 1 1 1 0 1 1 1 1 0 1 0 0 1 1 1 1 0 1 1 1 1 1 1 1 1 1 1]"	"[[0.27441877 0.72558123]
 [0.12656541 0.8734346 ]
 [0.4424507  0.5575493 ]
 [0.19530378 0.8046962 ]
 [0.25791752 0.74208248]
 [0.20454809 0.79545188]
 [0.20303121 0.79696882]
 [0.13095199 0.869048  ]
 [0.32989189 0.67010814]
 [0.51008373 0.48991627]
 [0.29490793 0.70509207]
 [0.31052911 0.68947089]
 [0.20629802 0.79370201]
 [0.28278586 0.71721411]
 [0.25235209 0.74764794]
 [0.65782607 0.3421739 ]
 [0.76239127 0.2376087 ]
 [0.0743186  0.92568141]
 [0.18563335 0.8143667 ]
 [0.20012391 0.79987609]
 [0.22272746 0.77727252]
 [0.18068162 0.81931835]
 [0.32202631 0.67797369]
 [0.44857243 0.5514276 ]
 [0.23394868 0.76605129]
 [0.17623684 0.82376313]
 [0.39068297 0.60931706]
 [0.19516303 0.80483699]
 [0.33058557 0.66941446]
 [0.39011192 0.60988808]
 [0.56750095 0.43249902]
 [0.21096848 0.78903151]
 [0.03993449 0.96006554]
 [0.22396229 0.77603769]
 [0.30490202 0.69509804]
 [0.56696105 0.43303895]
 [0.23956443 0.76043558]
 [0.20375761 0.79624242]
 [0.45107645 0.54892355]
 [0.3694807  0.63051927]
 [0.26224318 0.73775679]
 [0.53386331 0.46613672]
 [0.24329792 0.75670207]
 [0.16342261 0.83657736]
 [0.19378725 0.80621272]
 [0.40493405 0.59506595]
 [0.73376125 0.26623878]
 [0.46746886 0.5325312 ]
 [0.48044875 0.51955122]
 [0.4962644  0.50373566]
 [0.34379721 0.65620279]
 [0.3182866  0.6817134 ]
 [0.36740988 0.63259012]
 [0.41837913 0.58162087]
 [0.18436822 0.81563175]
 [0.31738195 0.68261808]
 [0.12204391 0.87795609]
 [0.25068057 0.74931943]
 [0.1584858  0.84151423]
 [0.53555214 0.46444786]
 [0.55449462 0.44550538]
 [0.59042692 0.40957308]
 [0.14572713 0.85427284]
 [0.20337188 0.79662812]
 [0.38912764 0.61087239]
 [0.60933626 0.39066371]
 [0.16691723 0.83308274]
 [0.42921212 0.57078785]
 [0.27095178 0.72904825]
 [0.12044402 0.879556  ]
 [0.39905143 0.60094857]
 [0.50897318 0.49102682]
 [0.73245054 0.26754943]
 [0.68568486 0.31431517]
 [0.40839455 0.59160542]
 [0.40288681 0.59711319]
 [0.92260873 0.07739131]
 [0.85171539 0.14828463]
 [0.39146578 0.60853422]
 [0.15971988 0.84028018]
 [0.47721288 0.52278709]
 [0.4230299  0.57697016]
 [0.68954855 0.31045148]
 [0.32154894 0.67845106]
 [0.4404808  0.55951923]
 [0.11236468 0.88763535]
 [0.32327715 0.67672288]
 [0.52301967 0.47698033]
 [0.45598301 0.54401696]
 [0.72192222 0.27807775]
 [0.62155342 0.37844655]
 [0.3311964  0.66880357]
 [0.31236506 0.68763494]
 [0.21341412 0.78658581]
 [0.25162661 0.74837339]
 [0.57736993 0.42263007]
 [0.25550398 0.74449605]
 [0.45476896 0.54523104]
 [0.12641998 0.87358004]
 [0.14793035 0.85206962]
 [0.41881377 0.58118623]
 [0.11607794 0.8839221 ]
 [0.35672906 0.64327097]
 [0.23209998 0.76789999]
 [0.25730279 0.74269724]
 [0.25175911 0.74824089]]"
Nielsen_2014	binary	[0 1]	[244 244]	"[0 0 0 0 0 0 0 0 0 0 0 0 0 0 0 0 0 0 0 0 0 0 0 0 0 0 0 0 0 0 0 0 0 0 0 0 0
 0 0 0 0 0 0 0 0 0 0 0 0 0 0 0 0 0 0 0 0 0 0 0 0 0 0 0 0 0 0 0 0 0 0 0 0 0
 0 0 0 0 0 0 0 0 0 0 0 0 0 0 0 0 0 0 0 0 0 0 0 0 0 0 0 0 0 0 0 0 0 0 0 0 0
 0 0 0 0 0 0 0 0 0 0 0 0 0 0 0 0 0 0 0 0 0 0 0 0 0 0 0 0 0 0 0 0 0 0 0 0 0
 0 0 0 0 0 0 0 0 0 0 0 0 0 0 0 1 1 1 1 1 1 1 1 1 1 1 1 1 1 1 1 1 1 1 1 1 1
 1 1 1 1 1 1 1 1 1 1 1 1 1 1 1 1 1 1 1 1 1 1 1 1 1 1 1 1 1 1 1 1 1 1 1 1 1
 1 1 1 1 1 1 1 1 0 0 1 1 0 0 0 0 0 0 0 0 0 0 0 0 0 0 0 0 0 0 0 0 1 1 0 0 1
 1 1 0 1 0 0 1 1 0 1 1 1 1 0 1 1 1 1 0 0 1 1 0 0 0 0 0 0 0 1 1 0 0 0 1 0 0
 1 1 1 1 0 0 1 1 1 1 1 1 1 1 1 1 1 1 0 1 1 0 0 1 1 1 1 1 0 1 1 1 1 0 0 0 1
 1 0 1 1 0 0 0 1 1 0 0 1 1 1 1 1 0 0 0 0 1 0 1 0 1 1 1 1 1 1 1 1 1 1 1 1 1
 1 1 0 1 1 1 0 0 0 0 0 0]"	"[1 1 0 0 0 1 0 1 1 0 1 0 0 0 0 1 1 0 1 1 1 1 1 0 1 1 0 1 0 0 1 1 1 1 1 1 0
 1 0 0 0 0 0 0 1 1 1 1 0 1 0 1 0 1 0 0 1 0 1 1 0 0 0 1 1 0 0 0 1 1 0 1 1 0
 1 0 0 1 0 1 1 0 0 0 0 0 1 1 1 1 1 1 1 1 0 1 1 0 0 0 0 0 1 0 0 0 0 0 1 1 0
 1 1 1 0 0 0 0 1 0 1 1 0 0 1 0 1 0 1 1 0 1 1 1 1 1 0 0 1 0 1 0 1 1 0 1 0 1
 0 0 1 0 1 0 1 1 0 0 1 1 0 1 1 1 1 1 1 1 0 1 1 1 1 1 1 1 1 1 1 1 0 1 1 0 0
 0 0 1 0 1 1 1 1 1 1 1 1 0 0 1 1 0 0 1 1 1 1 0 1 1 1 0 1 1 0 0 1 0 0 0 1 1
 1 1 1 1 0 0 1 1 0 1 1 1 0 0 0 0 0 0 1 1 0 1 0 0 1 1 0 0 0 0 0 1 1 1 0 0 1
 1 1 1 1 0 1 1 1 1 1 1 1 1 0 1 1 1 1 0 0 1 1 1 1 0 1 1 1 0 1 1 1 0 1 1 1 0
 0 1 1 1 0 1 1 1 1 1 0 0 1 1 0 1 1 1 1 1 1 1 1 1 1 1 1 0 0 1 1 1 1 0 1 1 1
 1 0 1 1 0 0 1 1 1 0 1 1 1 1 1 1 1 0 0 0 1 0 0 1 0 0 1 1 1 0 0 0 0 1 1 1 1
 1 1 0 1 1 0 1 0 0 1 0 0]"	"[[0.4491592  0.5508408 ]
 [0.43231907 0.56768095]
 [0.53619373 0.46380627]
 [0.67678291 0.32321709]
 [0.77447712 0.22552285]
 [0.337176   0.66282403]
 [0.55893713 0.44106287]
 [0.37629417 0.62370586]
 [0.15151596 0.84848404]
 [0.76380157 0.2361984 ]
 [0.49810934 0.50189066]
 [0.66555423 0.33444577]
 [0.62264061 0.37735945]
 [0.65663153 0.34336847]
 [0.64927042 0.35072958]
 [0.4779405  0.52205956]
 [0.4774974  0.5225026 ]
 [0.56778842 0.43221158]
 [0.38019744 0.61980259]
 [0.38841704 0.61158293]
 [0.44197968 0.55802029]
 [0.46935883 0.5306412 ]
 [0.40084291 0.59915715]
 [0.53418756 0.46581244]
 [0.493763   0.50623703]
 [0.47417074 0.52582926]
 [0.50822002 0.49177998]
 [0.46551168 0.53448832]
 [0.66579127 0.33420876]
 [0.5135684  0.48643163]
 [0.46461588 0.53538418]
 [0.12556574 0.87443423]
 [0.48890159 0.51109838]
 [0.39821869 0.60178131]
 [0.4202697  0.57973027]
 [0.49223283 0.5077672 ]
 [0.548181   0.451819  ]
 [0.40748191 0.59251809]
 [0.61298549 0.38701451]
 [0.5510599  0.4489401 ]
 [0.54147071 0.45852929]
 [0.57656908 0.42343092]
 [0.75219333 0.24780665]
 [0.60347033 0.39652964]
 [0.48522264 0.51477736]
 [0.47809348 0.5219065 ]
 [0.44948608 0.55051398]
 [0.49810219 0.50189781]
 [0.50001335 0.49998665]
 [0.49382347 0.50617653]
 [0.63547766 0.36452237]
 [0.37201163 0.62798834]
 [0.55669183 0.44330814]
 [0.40187266 0.59812737]
 [0.53705865 0.46294132]
 [0.68955922 0.31044075]
 [0.38419554 0.61580443]
 [0.53152221 0.46847779]
 [0.15946014 0.84053987]
 [0.42217386 0.57782614]
 [0.70180511 0.29819486]
 [0.62023503 0.37976494]
 [0.50865269 0.49134731]
 [0.33094674 0.66905332]
 [0.41108769 0.58891237]
 [0.67799127 0.3220087 ]
 [0.56884104 0.43115899]
 [0.58377022 0.41622978]
 [0.3215273  0.67847276]
 [0.44351125 0.55648875]
 [0.72253048 0.27746955]
 [0.06743063 0.93256938]
 [0.32639745 0.67360258]
 [0.58717698 0.41282305]
 [0.42674005 0.57325995]
 [0.57130444 0.42869559]
 [0.54581922 0.45418084]
 [0.36657083 0.63342917]
 [0.52434045 0.47565958]
 [0.46132341 0.53867656]
 [0.39049208 0.60950792]
 [0.60391408 0.39608589]
 [0.52575201 0.47424796]
 [0.71021467 0.2897853 ]
 [0.53036994 0.46963006]
 [0.51115543 0.4888446 ]
 [0.49248677 0.50751323]
 [0.41629484 0.58370519]
 [0.33542037 0.66457963]
 [0.4264262  0.57357383]
 [0.36926723 0.63073277]
 [0.47119457 0.52880543]
 [0.30484721 0.69515282]
 [0.20218956 0.79781044]
 [0.6777581  0.32224187]
 [0.47644249 0.52355754]
 [0.28315955 0.71684045]
 [0.7266171  0.27338296]
 [0.67288285 0.32711712]
 [0.56520689 0.43479314]
 [0.63419634 0.36580366]
 [0.52242059 0.47757941]
 [0.40816617 0.59183383]
 [0.7049225  0.29507753]
 [0.5381366  0.4618634 ]
 [0.53475434 0.46524566]
 [0.65644318 0.34355682]
 [0.56853497 0.43146503]
 [0.19387154 0.80612844]
 [0.18642159 0.81357843]
 [0.51082492 0.48917505]
 [0.42823946 0.57176054]
 [0.397102   0.602898  ]
 [0.25969127 0.74030876]
 [0.5579102  0.4420898 ]
 [0.66934848 0.33065149]
 [0.54167676 0.45832324]
 [0.60234803 0.39765194]
 [0.31749082 0.68250918]
 [0.71055979 0.28944018]
 [0.37044039 0.62955964]
 [0.26725498 0.73274505]
 [0.65342623 0.3465738 ]
 [0.5242635  0.4757365 ]
 [0.43804359 0.56195641]
 [0.58852506 0.41147494]
 [0.18083642 0.81916356]
 [0.75747913 0.24252087]
 [0.43818554 0.56181449]
 [0.24491687 0.75508308]
 [0.51899838 0.48100168]
 [0.40678921 0.59321082]
 [0.47648981 0.52351022]
 [0.43549263 0.56450737]
 [0.14560768 0.85439229]
 [0.12501206 0.87498796]
 [0.57218879 0.42781118]
 [0.64534605 0.35465395]
 [0.42037085 0.57962918]
 [0.51137251 0.48862749]
 [0.37226257 0.6277374 ]
 [0.77808678 0.22191328]
 [0.49896264 0.50103736]
 [0.45568973 0.54431027]
 [0.54625624 0.45374376]
 [0.43493587 0.56506419]
 [0.75630295 0.24369705]
 [0.46638393 0.53361613]
 [0.6946156  0.3053844 ]
 [0.54094386 0.45905611]
 [0.3831757  0.61682433]
 [0.58865505 0.41134495]
 [0.48243484 0.51756519]
 [0.52613986 0.47386014]
 [0.1147192  0.88528085]
 [0.08515342 0.9148466 ]
 [0.52020252 0.47979748]
 [0.65490532 0.34509471]
 [0.45137528 0.54862475]
 [0.42949957 0.57050049]
 [0.66558564 0.33441436]
 [0.42535841 0.57464159]
 [0.20172115 0.79827887]
 [0.11879504 0.88120502]
 [0.12463698 0.87536305]
 [0.45262548 0.54737455]
 [0.35494605 0.64505398]
 [0.45665786 0.54334211]
 [0.60470188 0.39529815]
 [0.20290196 0.79709804]
 [0.4577769  0.5422231 ]
 [0.37856215 0.62143785]
 [0.42426351 0.57573646]
 [0.36785117 0.63214886]
 [0.36299762 0.63700235]
 [0.3402029  0.65979713]
 [0.32229581 0.67770416]
 [0.17127341 0.82872665]
 [0.07452585 0.92547417]
 [0.42863807 0.5713619 ]
 [0.55768651 0.44231355]
 [0.17977053 0.82022953]
 [0.19496252 0.8050375 ]
 [0.57346356 0.42653647]
 [0.60494912 0.39505085]
 [0.76128888 0.23871115]
 [0.64367902 0.35632095]
 [0.36211711 0.63788289]
 [0.55839473 0.44160527]
 [0.40720475 0.59279525]
 [0.41803825 0.58196175]
 [0.06821803 0.93178195]
 [0.07209636 0.92790365]
 [0.05848355 0.94151646]
 [0.12482317 0.87517685]
 [0.45547077 0.54452926]
 [0.44707999 0.55292004]
 [0.61516136 0.3848387 ]
 [0.57199401 0.42800599]
 [0.28000706 0.71999294]
 [0.23774645 0.76225352]
 [0.55036885 0.44963121]
 [0.65071058 0.34928945]
 [0.32341072 0.67658931]
 [0.41362801 0.58637202]
 [0.33515894 0.66484112]
 [0.29891923 0.7010808 ]
 [0.52434218 0.47565782]
 [0.46323538 0.53676462]
 [0.27780944 0.72219056]
 [0.32813963 0.6718604 ]
 [0.53077513 0.46922487]
 [0.10024926 0.89975071]
 [0.1011804  0.89881963]
 [0.82348669 0.17651325]
 [0.5434792  0.45652083]
 [0.48954815 0.51045185]
 [0.66900241 0.33099765]
 [0.83981287 0.1601871 ]
 [0.61809695 0.38190308]
 [0.45080411 0.54919589]
 [0.34186679 0.65813321]
 [0.26038259 0.73961747]
 [0.29725829 0.70274174]
 [0.21091929 0.78908074]
 [0.14755155 0.85244846]
 [0.74482441 0.25517556]
 [0.53804624 0.46195376]
 [0.07627562 0.92372435]
 [0.09247795 0.90752208]
 [0.72882712 0.27117285]
 [0.48866731 0.51133269]
 [0.23820296 0.76179707]
 [0.25310841 0.74689162]
 [0.59746093 0.40253907]
 [0.69755805 0.30244198]
 [0.58882749 0.41117254]
 [0.5748955  0.4251045 ]
 [0.54605108 0.45394892]
 [0.80837917 0.1916208 ]
 [0.47350466 0.52649534]
 [0.47546852 0.52453148]
 [0.64123046 0.35876954]
 [0.37722695 0.62277305]
 [0.7397837  0.26021627]
 [0.61404759 0.38595241]
 [0.23765022 0.76234984]
 [0.22979477 0.77020526]
 [0.56209779 0.43790221]
 [0.50110781 0.49889216]
 [0.67834091 0.32165909]
 [0.72649097 0.27350906]
 [0.50793028 0.49206975]
 [0.39687449 0.60312551]
 [0.31087205 0.68912798]
 [0.31126997 0.68873006]
 [0.62878948 0.37121055]
 [0.51760465 0.48239535]
 [0.42209765 0.57790232]
 [0.42638895 0.57361108]
 [0.10666776 0.89333218]
 [0.15488154 0.84511846]
 [0.05740354 0.94259644]
 [0.71512437 0.28487563]
 [0.27038956 0.72961044]
 [0.04410483 0.95589519]
 [0.07379568 0.92620432]
 [0.44435194 0.55564809]
 [0.07754217 0.92245781]
 [0.0884673  0.9115327 ]
 [0.14154376 0.85845625]
 [0.1891581  0.81084192]
 [0.74331927 0.25668076]
 [0.07453024 0.92546976]
 [0.1642175  0.83578253]
 [0.04963171 0.95036829]
 [0.06337109 0.93662888]
 [0.78148019 0.21851981]
 [0.84582406 0.15417597]
 [0.12482628 0.87517375]
 [0.12715705 0.87284291]
 [0.47207406 0.52792597]
 [0.09677866 0.90322137]
 [0.71485543 0.2851446 ]
 [0.42971039 0.57028961]
 [0.45251307 0.54748696]
 [0.36840791 0.63159209]
 [0.50715995 0.49284005]
 [0.06192651 0.93807352]
 [0.06949494 0.9305051 ]
 [0.49926895 0.50073105]
 [0.77475971 0.22524026]
 [0.44646108 0.55353892]
 [0.31814015 0.68185985]
 [0.37154904 0.62845093]
 [0.50954181 0.49045819]
 [0.5453819  0.4546181 ]
 [0.0841759  0.91582412]
 [0.06194985 0.93805015]
 [0.06960663 0.9303934 ]
 [0.58838439 0.41161561]
 [0.1651714  0.83482862]
 [0.37524962 0.62475038]
 [0.2973147  0.70268536]
 [0.06054207 0.93945795]
 [0.06357226 0.93642777]
 [0.66649365 0.33350635]
 [0.72937828 0.27062169]
 [0.21255593 0.78744411]
 [0.27924362 0.72075641]
 [0.65480143 0.3451986 ]
 [0.13186266 0.86813736]
 [0.04762764 0.95237237]
 [0.05569115 0.94430882]
 [0.19161797 0.80838203]
 [0.30451745 0.69548261]
 [0.1885002  0.81149983]
 [0.36313745 0.63686258]
 [0.47804099 0.52195907]
 [0.15191004 0.84808999]
 [0.09959808 0.90040195]
 [0.24254705 0.75745296]
 [0.44056708 0.55943292]
 [0.55677694 0.44322312]
 [0.54211342 0.45788661]
 [0.36900789 0.63099211]
 [0.09008444 0.90991557]
 [0.2612386  0.73876143]
 [0.21586423 0.78413582]
 [0.81606191 0.18393812]
 [0.25768316 0.74231684]
 [0.27192855 0.72807145]
 [0.20973125 0.79026878]
 [0.1087769  0.89122307]
 [0.82513177 0.17486826]
 [0.0654751  0.93452489]
 [0.06101698 0.93898302]
 [0.74764109 0.25235894]
 [0.74178451 0.25821552]
 [0.0882264  0.91177362]
 [0.10041381 0.8995862 ]
 [0.11451277 0.8854872 ]
 [0.51655734 0.48344263]
 [0.17998831 0.82001173]
 [0.07669809 0.92330194]
 [0.10725628 0.89274371]
 [0.44025725 0.55974275]
 [0.23523441 0.76476562]
 [0.09365018 0.90634984]
 [0.4475787  0.55242133]
 [0.71695453 0.28304547]
 [0.69797516 0.30202487]
 [0.56544304 0.43455696]
 [0.08167244 0.91832757]
 [0.56570947 0.43429053]
 [0.53334725 0.46665275]
 [0.48083714 0.51916289]
 [0.50158328 0.49841672]
 [0.53502983 0.46497017]
 [0.21495458 0.78504544]
 [0.48709685 0.51290315]
 [0.07751648 0.92248356]
 [0.53245032 0.46754968]
 [0.67524362 0.32475641]
 [0.79613453 0.20386547]
 [0.58523518 0.41476479]
 [0.47991729 0.52008277]
 [0.37729928 0.62270075]
 [0.23854887 0.76145113]
 [0.10634204 0.89365798]
 [0.15769489 0.84230512]
 [0.18122946 0.81877053]
 [0.51213557 0.48786443]
 [0.3374736  0.66252637]
 [0.42886141 0.57113862]
 [0.67747551 0.32252446]
 [0.3846485  0.61535156]
 [0.63434601 0.36565396]
 [0.81944197 0.18055803]
 [0.39264113 0.60735893]
 [0.81173724 0.18826273]
 [0.81991047 0.18008955]]"
Thomas_2018	binary	[0 1]	[624 624]	"[0 1 0 0 1 1 0 1 1 0 1 1 1 0 0 1 1 0 0 1 0 1 1 0 1 1 1 1 1 0 0 0 0 0 1 0 1
 1 0 1 0 1 1 0 0 0 1 1 1 1 0 0 1]"	"[1 1 1 1 1 1 1 1 1 1 1 1 1 1 1 1 1 1 1 1 0 1 1 1 1 1 1 1 1 1 1 1 1 1 1 1 1
 1 1 1 1 1 1 0 1 1 1 1 1 1 1 0 1]"	"[[0.26779717 0.73220283]
 [0.39943603 0.600564  ]
 [0.41486996 0.58513004]
 [0.229794   0.77020597]
 [0.35853112 0.64146888]
 [0.22371069 0.77628934]
 [0.32918212 0.67081785]
 [0.39614409 0.60385591]
 [0.25268996 0.74731004]
 [0.4097999  0.59020007]
 [0.27473921 0.72526079]
 [0.42923927 0.57076079]
 [0.0588724  0.9411276 ]
 [0.38390306 0.61609697]
 [0.38989648 0.61010349]
 [0.40015876 0.59984124]
 [0.38248736 0.61751264]
 [0.38106966 0.61893034]
 [0.40547213 0.59452784]
 [0.17904906 0.82095093]
 [0.5106203  0.4893797 ]
 [0.42464474 0.57535529]
 [0.46679363 0.53320634]
 [0.31804055 0.68195945]
 [0.43513951 0.56486052]
 [0.397609   0.602391  ]
 [0.37254891 0.62745106]
 [0.42439029 0.57560968]
 [0.43479508 0.56520492]
 [0.48074171 0.51925826]
 [0.34591311 0.65408689]
 [0.13751166 0.86248833]
 [0.46059889 0.53940111]
 [0.47264606 0.52735394]
 [0.40836528 0.59163469]
 [0.4264394  0.57356066]
 [0.41624597 0.58375406]
 [0.20789462 0.79210544]
 [0.38003275 0.61996728]
 [0.37536007 0.62463993]
 [0.39376703 0.606233  ]
 [0.40338197 0.59661806]
 [0.47095188 0.52904814]
 [0.50774068 0.49225932]
 [0.43511832 0.56488168]
 [0.46200034 0.53799963]
 [0.36549976 0.63450027]
 [0.27013999 0.72986007]
 [0.25501829 0.74498171]
 [0.27025881 0.72974122]
 [0.42240959 0.57759047]
 [0.52436209 0.47563788]
 [0.28005204 0.71994793]]"
Thomas_2018b	binary	[0 1]	[621 621]	"[1 1 0 1 1 1 1 1 1 1 0 0 0 1 0 1 0 1 1 1 1 1 1 1 0 1 1 0 1 1 1 0 0 1 1 1 1
 1 1 1 0 0 1 0 1 0 0 0 0 0 0 0 0 0 0 0 0 0 0 0]"	"[1 1 1 0 1 1 1 1 1 0 0 0 1 1 0 1 0 1 1 1 0 1 1 0 1 1 0 0 1 1 1 1 1 1 0 1 1
 1 1 1 1 0 1 1 1 0 1 0 1 0 0 0 1 1 1 0 1 1 0 1]"	"[[0.27418527 0.72581476]
 [0.42930165 0.57069838]
 [0.44787151 0.55212855]
 [0.53620911 0.46379095]
 [0.48385715 0.51614285]
 [0.48927888 0.51072115]
 [0.04746222 0.95253778]
 [0.04568103 0.954319  ]
 [0.44942454 0.55057549]
 [0.54141974 0.45858026]
 [0.55024701 0.44975299]
 [0.50983226 0.49016774]
 [0.49256468 0.50743532]
 [0.12800467 0.87199527]
 [0.50605124 0.49394876]
 [0.26526475 0.73473525]
 [0.53089362 0.46910638]
 [0.21720323 0.78279674]
 [0.41319856 0.58680147]
 [0.39557177 0.60442829]
 [0.60152781 0.39847219]
 [0.29654154 0.70345849]
 [0.07752001 0.92247999]
 [0.50462115 0.49537891]
 [0.45395803 0.54604197]
 [0.42386019 0.57613987]
 [0.60244858 0.39755139]
 [0.61311734 0.38688269]
 [0.43243298 0.56756699]
 [0.15226707 0.8477329 ]
 [0.08496678 0.91503322]
 [0.48538208 0.51461792]
 [0.48393121 0.51606882]
 [0.36583614 0.63416386]
 [0.55307335 0.44692665]
 [0.03673076 0.96326929]
 [0.33932623 0.66067374]
 [0.43362579 0.56637424]
 [0.38282287 0.61717713]
 [0.45062324 0.54937679]
 [0.49100164 0.50899839]
 [0.55258995 0.44741005]
 [0.21537748 0.78462255]
 [0.39315379 0.60684621]
 [0.28724352 0.71275651]
 [0.58713728 0.41286269]
 [0.45547318 0.54452682]
 [0.50828832 0.49171168]
 [0.47260374 0.52739626]
 [0.57972461 0.42027539]
 [0.52471977 0.47528028]
 [0.55044138 0.44955865]
 [0.45262307 0.54737693]
 [0.4954029  0.50459713]
 [0.43347976 0.56652027]
 [0.50253826 0.49746177]
 [0.49308911 0.50691092]
 [0.46264231 0.53735769]
 [0.54920799 0.45079204]
 [0.40661162 0.59338844]]"
Vogtmann_2016	binary	[0 1]	[601 601]	"[0 0 1 1 1 1 1 0 0 1 0 0 1 0 1 0 1 0 0 1 0 0 0 0 0 0 0 0 1 1 1 1 1 1 1 1 1
 1 0 1 1 0 0 1 1 0 0 0 1 0 0 1 0 1 0 1 0 0 1 0 0 1 0 1 1 1 1 0 1 1 1 1 0 1
 0 0 1 1 0 0 1 1 0 0 0 1 1 0 0 1 0 1 0 1 0 0 0 0 0 1 1 0 1 1]"	"[1 0 1 1 1 1 0 1 1 1 1 1 1 1 1 0 1 1 1 1 1 1 0 1 1 1 1 0 1 1 1 1 1 1 1 1 1
 1 1 1 1 1 1 1 1 1 1 1 1 1 1 1 1 1 1 1 0 1 1 1 1 1 0 1 1 1 1 0 1 1 1 0 1 1
 1 1 1 1 1 1 1 1 1 1 1 1 1 1 1 1 1 1 1 1 1 1 1 0 1 1 1 1 1 1]"	"[[0.42374423 0.57625574]
 [0.50610632 0.49389368]
 [0.43089205 0.56910795]
 [0.31703299 0.68296701]
 [0.32829529 0.67170471]
 [0.08184045 0.91815954]
 [0.57841766 0.42158234]
 [0.46418902 0.53581095]
 [0.36945346 0.63054657]
 [0.13957736 0.86042267]
 [0.40364769 0.59635234]
 [0.2892381  0.7107619 ]
 [0.46378922 0.53621083]
 [0.42789057 0.57210946]
 [0.43855065 0.56144935]
 [0.50871462 0.49128535]
 [0.40511838 0.59488165]
 [0.28736895 0.71263105]
 [0.43010372 0.56989628]
 [0.44583365 0.55416632]
 [0.42255011 0.57744992]
 [0.44489563 0.55510437]
 [0.52077639 0.47922364]
 [0.4526237  0.54737628]
 [0.48618186 0.51381814]
 [0.44048476 0.5595153 ]
 [0.45158756 0.54841244]
 [0.50982833 0.49017167]
 [0.40510532 0.59489465]
 [0.24607342 0.75392663]
 [0.29901138 0.70098859]
 [0.49201471 0.50798535]
 [0.0829397  0.91706032]
 [0.03873111 0.9612689 ]
 [0.3415966  0.6584034 ]
 [0.42306358 0.57693642]
 [0.44351482 0.55648518]
 [0.34147128 0.65852875]
 [0.4293099  0.5706901 ]
 [0.45044184 0.54955816]
 [0.45323345 0.54676652]
 [0.39516935 0.60483062]
 [0.45969039 0.54030961]
 [0.05994086 0.94005913]
 [0.34242472 0.65757531]
 [0.40368459 0.59631544]
 [0.43426806 0.565732  ]
 [0.44333231 0.55666775]
 [0.48123899 0.51876098]
 [0.44948184 0.55051816]
 [0.34466043 0.6553396 ]
 [0.44289291 0.55710709]
 [0.44527599 0.55472398]
 [0.36581561 0.63418442]
 [0.47739357 0.52260643]
 [0.05143123 0.94856876]
 [0.5046351  0.49536493]
 [0.28652912 0.71347088]
 [0.2209466  0.77905333]
 [0.44751835 0.55248165]
 [0.23284295 0.76715708]
 [0.48008651 0.51991349]
 [0.50208294 0.49791712]
 [0.37252814 0.62747186]
 [0.26513541 0.73486459]
 [0.05355741 0.9464426 ]
 [0.27466974 0.72533023]
 [0.50734365 0.49265635]
 [0.23610191 0.76389802]
 [0.22144672 0.77855325]
 [0.24496047 0.75503951]
 [0.5003702  0.4996298 ]
 [0.40560883 0.59439117]
 [0.19969369 0.80030632]
 [0.42715129 0.57284874]
 [0.38775423 0.61224574]
 [0.0330306  0.96696937]
 [0.12446523 0.87553477]
 [0.47774181 0.52225822]
 [0.47396603 0.526034  ]
 [0.3543818  0.6456182 ]
 [0.42579275 0.57420725]
 [0.45424175 0.54575825]
 [0.44971716 0.55028284]
 [0.36575913 0.63424087]
 [0.39324594 0.60675406]
 [0.49276376 0.50723624]
 [0.43697518 0.56302488]
 [0.41905138 0.58094859]
 [0.27762711 0.72237289]
 [0.43215495 0.56784511]
 [0.4050442  0.5949558 ]
 [0.33162796 0.66837204]
 [0.42071471 0.57928532]
 [0.37809703 0.621903  ]
 [0.4835712  0.51642883]
 [0.48723751 0.51276255]
 [0.51557183 0.4844282 ]
 [0.43431014 0.56568992]
 [0.34305394 0.65694606]
 [0.03915712 0.96084291]
 [0.47731715 0.52268285]
 [0.24451283 0.75548714]
 [0.44526348 0.5547365 ]]"
Wirbel_2018	binary	[0 1]	[593 593]	"[0 0 1 1 1 1 1 0 0 0 0 1 1 1 1 1 0 1 0 0 1 1 0 1 1 1 0 0 0 0 0 0 0 0 0 1 0
 1 0 1 0 0 0 0 1 0 0 1 1 0 0 1 1 0 1 1 0 1 0 1 0 0 0 0 0 1 1 1 0 0 0 0 0 1
 1 1 1 1 1 1 0 0 0 1 1 0 1 1 0 0 1 0 1 0 1 1 1 0 0 1 1 1 1 0 1 0 0 1 1 1 0
 1 1 1 1 0 1 0 0 0]"	"[0 0 1 1 1 1 1 0 0 0 0 1 1 1 1 1 1 1 1 1 1 1 1 1 1 1 1 0 1 0 1 0 1 1 1 1 1
 1 0 1 0 0 0 0 1 1 0 1 1 1 0 1 1 1 1 0 1 1 0 1 1 1 0 1 1 1 1 0 1 0 0 0 1 1
 1 1 1 1 1 1 0 1 1 0 1 1 1 1 0 0 1 1 1 1 0 1 1 0 0 1 0 0 1 0 1 1 0 1 1 1 0
 1 1 1 1 1 1 1 0 1]"	"[[0.50018942 0.49981061]
 [0.50472045 0.49527958]
 [0.02864478 0.9713552 ]
 [0.16577476 0.8342253 ]
 [0.3038547  0.6961453 ]
 [0.23418079 0.76581925]
 [0.46600354 0.53399646]
 [0.51729441 0.48270559]
 [0.53087068 0.46912935]
 [0.52368116 0.47631881]
 [0.5212214  0.47877863]
 [0.03490791 0.96509206]
 [0.14508997 0.85491002]
 [0.05679474 0.9432053 ]
 [0.0549224  0.94507754]
 [0.07893939 0.92106062]
 [0.49561942 0.50438058]
 [0.30278441 0.69721556]
 [0.49748629 0.50251377]
 [0.47706643 0.5229336 ]
 [0.36894384 0.63105619]
 [0.45006093 0.54993904]
 [0.49747834 0.50252169]
 [0.49438348 0.50561655]
 [0.46054375 0.53945631]
 [0.3900539  0.60994613]
 [0.48489076 0.51510924]
 [0.52332038 0.47667968]
 [0.47839299 0.52160704]
 [0.51341128 0.48658869]
 [0.44553873 0.55446124]
 [0.52797687 0.47202313]
 [0.49013156 0.50986844]
 [0.4985328  0.50146723]
 [0.48624119 0.51375878]
 [0.09898458 0.9010154 ]
 [0.4958007  0.50419933]
 [0.0642779  0.93572211]
 [0.50701833 0.4929817 ]
 [0.21872383 0.78127617]
 [0.54210156 0.45789844]
 [0.51167822 0.48832175]
 [0.52945989 0.47054011]
 [0.52402174 0.47597826]
 [0.03152934 0.96847069]
 [0.46576688 0.53423309]
 [0.54540664 0.45459336]
 [0.17361015 0.82638985]
 [0.04603849 0.95396149]
 [0.32780331 0.67219669]
 [0.5342555  0.46574453]
 [0.14587387 0.85412616]
 [0.07223865 0.92776132]
 [0.48006064 0.51993936]
 [0.39949271 0.60050726]
 [0.51672572 0.48327428]
 [0.46167216 0.53832781]
 [0.46992469 0.53007531]
 [0.53252828 0.46747175]
 [0.03120951 0.96879053]
 [0.49621069 0.50378931]
 [0.48850739 0.51149261]
 [0.50369585 0.49630421]
 [0.42291448 0.57708555]
 [0.44068006 0.55931997]
 [0.05689273 0.94310731]
 [0.43437439 0.56562561]
 [0.52229512 0.47770485]
 [0.32828256 0.67171746]
 [0.54303384 0.45696619]
 [0.50863743 0.49136257]
 [0.5342409  0.4657591 ]
 [0.3907207  0.60927933]
 [0.36782932 0.63217068]
 [0.40681389 0.59318614]
 [0.42842638 0.57157362]
 [0.13671105 0.86328894]
 [0.17842737 0.82157266]
 [0.0961586  0.90384138]
 [0.38384518 0.61615485]
 [0.50063938 0.49936065]
 [0.48830938 0.51169062]
 [0.45543432 0.54456568]
 [0.50107586 0.49892417]
 [0.06520925 0.93479073]
 [0.44292042 0.55707955]
 [0.24303827 0.7569617 ]
 [0.44889069 0.55110931]
 [0.52920419 0.47079584]
 [0.58652878 0.41347128]
 [0.16899413 0.83100587]
 [0.4892866  0.5107134 ]
 [0.41935688 0.58064312]
 [0.46360332 0.53639668]
 [0.53757596 0.46242401]
 [0.38853109 0.61146897]
 [0.09203836 0.90796167]
 [0.53618097 0.46381906]
 [0.52098012 0.47901985]
 [0.17342442 0.82657558]
 [0.55659962 0.44340038]
 [0.53215992 0.46784008]
 [0.36875066 0.63124931]
 [0.5638184  0.43618163]
 [0.32941899 0.67058098]
 [0.48128167 0.51871836]
 [0.50769413 0.49230587]
 [0.49934    0.50066   ]
 [0.17979577 0.8202042 ]
 [0.46019727 0.53980279]
 [0.51026171 0.48973832]
 [0.09799378 0.90200621]
 [0.49100795 0.50899208]
 [0.16966334 0.83033669]
 [0.16656515 0.83343488]
 [0.4703663  0.5296337 ]
 [0.19817188 0.80182815]
 [0.4844633  0.51553667]
 [0.53468603 0.46531397]
 [0.46887377 0.53112626]]"
Yu_2015	binary	[0 1]	[578 578]	"[1 1 1 1 1 1 1 1 0 1 0 1 1 1 1 1 1 1 1 1 0 1 1 1 0 1 1 1 1 1 1 1 0 1 1 1 1
 1 1 1 1 1 1 1 1 1 1 0 0 0 0 0 0 0 0 0 1 0 0 0 0 0 0 0 0 0 0 0 0 0 0 0 0 0
 0 0 0 0 0 0 0 0 0 0 0 0 0 0 0 0 0 0 0 0 1 1 1 1 1 1 1 1 1 1 1 1 1 1 1 1 1
 1 1 1 1 1 1 1 1 1 1 1 1 0 0 1 1 1]"	"[1 1 1 1 1 1 1 1 0 1 0 1 1 1 1 1 0 1 1 1 0 1 1 1 1 1 1 1 1 1 1 1 1 1 1 1 1
 1 1 1 0 1 1 1 1 1 1 0 1 1 1 0 0 0 1 0 1 1 0 1 0 0 1 1 0 0 1 0 0 1 1 0 1 0
 1 1 0 1 0 1 1 1 0 0 1 1 1 1 1 1 1 0 1 1 0 1 1 1 1 1 1 0 0 1 1 1 1 1 1 1 1
 1 1 1 1 1 1 1 1 1 1 1 1 0 1 1 1 1]"	"[[0.03701831 0.9629817 ]
 [0.04397672 0.95602334]
 [0.03025757 0.96974248]
 [0.04550549 0.95449454]
 [0.07931434 0.92068565]
 [0.42474622 0.57525384]
 [0.42553273 0.57446724]
 [0.05011386 0.94988608]
 [0.5530954  0.4469046 ]
 [0.39342141 0.60657859]
 [0.5617103  0.43828973]
 [0.29657891 0.70342106]
 [0.44908649 0.55091351]
 [0.04760481 0.9523952 ]
 [0.17904133 0.82095867]
 [0.30961683 0.6903832 ]
 [0.52231371 0.47768626]
 [0.15353094 0.8464691 ]
 [0.48103279 0.51896727]
 [0.36708269 0.63291734]
 [0.57528853 0.42471144]
 [0.42057735 0.57942265]
 [0.03213399 0.967866  ]
 [0.48760754 0.51239246]
 [0.2982243  0.70177573]
 [0.44513753 0.55486244]
 [0.02535457 0.97464544]
 [0.47992587 0.52007413]
 [0.45789886 0.54210114]
 [0.49147195 0.50852805]
 [0.45281854 0.54718149]
 [0.07429657 0.92570347]
 [0.48001745 0.51998258]
 [0.3043519  0.69564813]
 [0.42610782 0.57389218]
 [0.34608549 0.65391451]
 [0.17738728 0.8226127 ]
 [0.02466522 0.97533476]
 [0.04686201 0.95313799]
 [0.37315452 0.62684548]
 [0.52009898 0.47990105]
 [0.27138615 0.72861385]
 [0.21527877 0.78472126]
 [0.45905769 0.54094231]
 [0.31141332 0.68858671]
 [0.32249412 0.67750585]
 [0.02390925 0.97609079]
 [0.54308009 0.45691991]
 [0.40826273 0.59173727]
 [0.48191398 0.51808602]
 [0.4940317  0.50596833]
 [0.52344292 0.47655708]
 [0.53061527 0.4693847 ]
 [0.5454815  0.4545185 ]
 [0.48265791 0.51734215]
 [0.53269607 0.46730393]
 [0.02713791 0.97286206]
 [0.45472035 0.54527962]
 [0.53531349 0.46468657]
 [0.26062462 0.73937541]
 [0.51691633 0.48308372]
 [0.53171414 0.46828586]
 [0.40387762 0.59612238]
 [0.44323638 0.55676365]
 [0.51199663 0.4880034 ]
 [0.53676659 0.46323341]
 [0.4912633  0.50873673]
 [0.53899682 0.46100318]
 [0.64519036 0.35480964]
 [0.01769432 0.98230565]
 [0.42987204 0.57012796]
 [0.66560978 0.33439022]
 [0.40338701 0.59661299]
 [0.52870303 0.47129694]
 [0.4098472  0.5901528 ]
 [0.43574649 0.56425351]
 [0.51913536 0.48086467]
 [0.4450095  0.55499047]
 [0.55926758 0.44073242]
 [0.45640266 0.54359734]
 [0.34303585 0.65696418]
 [0.46289214 0.53710783]
 [0.52266902 0.47733101]
 [0.5270915  0.47290856]
 [0.43997607 0.5600239 ]
 [0.43859217 0.56140786]
 [0.37919578 0.62080425]
 [0.49522123 0.50477874]
 [0.4719353  0.52806467]
 [0.46998635 0.53001368]
 [0.40295911 0.59704089]
 [0.58177352 0.41822648]
 [0.28577185 0.71422815]
 [0.41688216 0.58311784]
 [0.54200709 0.45799297]
 [0.07881942 0.92118061]
 [0.08119756 0.91880238]
 [0.38510877 0.61489129]
 [0.35525411 0.64474589]
 [0.36998376 0.63001627]
 [0.3769474  0.6230526 ]
 [0.51456201 0.48543799]
 [0.55158299 0.44841698]
 [0.44278303 0.557217  ]
 [0.17079557 0.82920444]
 [0.33952743 0.66047257]
 [0.06244513 0.9375549 ]
 [0.02927614 0.97072387]
 [0.45089108 0.54910892]
 [0.07658139 0.92341858]
 [0.4806987  0.5193013 ]
 [0.04165114 0.95834887]
 [0.27555054 0.72444952]
 [0.05428933 0.94571066]
 [0.03078712 0.96921289]
 [0.17099507 0.82900494]
 [0.03240904 0.96759099]
 [0.46107042 0.53892958]
 [0.03743618 0.96256387]
 [0.29872355 0.70127648]
 [0.19062263 0.80937743]
 [0.12449286 0.87550712]
 [0.26128799 0.73871207]
 [0.56857735 0.43142268]
 [0.39670172 0.60329825]
 [0.42883325 0.57116675]
 [0.43709424 0.56290579]
 [0.02779449 0.97220552]]"
Zeller_2014	binary	[0 1]	[601 601]	"[0 0 0 1 0 0 0 0 1 0 0 0 0 0 1 0 0 0 1 1 0 1 1 0 0 0 0 1 0 0 1 1 1 0 1 0 0
 0 0 0 1 1 0 1 0 0 1 1 1 1 1 0 0 1 0 0 1 1 1 0 1 0 1 0 0 1 1 1 1 1 1 1 1 1
 0 0 0 0 0 1 1 0 1 0 1 1 0 1 0 0 0 1 1 0 0 1 1 1 1 1 1 1 0 0 0 0 0 0 0 0 0
 1 1]"	"[1 0 0 1 0 1 1 0 1 0 1 1 1 0 1 0 1 1 1 1 1 1 1 0 1 1 1 1 1 0 1 1 1 0 1 1 1
 0 1 1 1 1 0 1 1 1 1 1 1 1 0 1 0 1 1 1 1 0 0 1 0 1 1 1 0 1 1 1 1 1 1 1 1 1
 1 1 1 0 0 1 1 1 1 1 1 1 0 1 1 1 1 1 1 0 1 1 1 1 1 1 1 1 1 1 0 1 1 0 0 1 0
 1 1]"	"[[0.41840062 0.58159935]
 [0.51907408 0.48092592]
 [0.51544309 0.48455688]
 [0.03638675 0.96361327]
 [0.55229801 0.44770199]
 [0.46510383 0.53489614]
 [0.41811013 0.58188987]
 [0.56568837 0.43431163]
 [0.22872551 0.77127451]
 [0.52841568 0.47158432]
 [0.42585003 0.57414997]
 [0.46856701 0.53143299]
 [0.22845037 0.77154964]
 [0.52067208 0.47932792]
 [0.08596909 0.91403091]
 [0.52342916 0.4765709 ]
 [0.37560284 0.62439716]
 [0.4632321  0.5367679 ]
 [0.4519299  0.54807007]
 [0.13871805 0.86128193]
 [0.35015163 0.6498484 ]
 [0.04480491 0.95519507]
 [0.31677431 0.68322569]
 [0.57857621 0.42142379]
 [0.35070819 0.64929187]
 [0.40096605 0.59903395]
 [0.31484088 0.68515915]
 [0.2362583  0.76374173]
 [0.43047246 0.56952751]
 [0.55146825 0.44853178]
 [0.04137471 0.95862532]
 [0.35344732 0.64655274]
 [0.14759883 0.85240114]
 [0.54527658 0.45472342]
 [0.347581   0.65241897]
 [0.4980337  0.5019663 ]
 [0.28687724 0.71312279]
 [0.53459096 0.46540904]
 [0.2233932  0.7766068 ]
 [0.47951257 0.52048749]
 [0.04813028 0.95186973]
 [0.07553016 0.92446983]
 [0.50411624 0.49588376]
 [0.04488453 0.9551155 ]
 [0.48797071 0.51202935]
 [0.32269999 0.67729998]
 [0.04072117 0.95927882]
 [0.07462544 0.92537457]
 [0.4387117  0.5612883 ]
 [0.44090196 0.55909806]
 [0.50286734 0.49713266]
 [0.37738138 0.62261862]
 [0.5361793  0.4638207 ]
 [0.34023422 0.65976578]
 [0.33659223 0.6634078 ]
 [0.44902778 0.55097222]
 [0.33101863 0.66898143]
 [0.54874974 0.45125026]
 [0.52694273 0.4730573 ]
 [0.44299752 0.55700248]
 [0.53069329 0.46930671]
 [0.49073684 0.50926316]
 [0.29364979 0.70635021]
 [0.41532159 0.58467847]
 [0.55077893 0.4492211 ]
 [0.15592092 0.84407908]
 [0.03412294 0.96587706]
 [0.14482124 0.85517877]
 [0.23214179 0.76785821]
 [0.04042889 0.95957112]
 [0.27946183 0.7205382 ]
 [0.06518364 0.93481636]
 [0.12465259 0.87534738]
 [0.41576356 0.58423644]
 [0.26331678 0.73668319]
 [0.27734327 0.72265673]
 [0.41074604 0.58925396]
 [0.5851751  0.41482493]
 [0.53668833 0.46331167]
 [0.08104812 0.91895187]
 [0.07794694 0.9220531 ]
 [0.31182286 0.68817717]
 [0.49135274 0.50864726]
 [0.46137089 0.53862911]
 [0.05255708 0.94744289]
 [0.25840393 0.7415961 ]
 [0.50757527 0.49242473]
 [0.32199174 0.67800826]
 [0.22821516 0.77178484]
 [0.37063521 0.62936479]
 [0.38468745 0.61531258]
 [0.09232481 0.90767521]
 [0.40044117 0.59955889]
 [0.53885931 0.46114069]
 [0.47197416 0.52802587]
 [0.48262954 0.51737046]
 [0.24400076 0.75599921]
 [0.32226402 0.67773598]
 [0.15473241 0.84526765]
 [0.39291349 0.60708654]
 [0.37109166 0.62890834]
 [0.34065995 0.65934002]
 [0.25753701 0.74246299]
 [0.20846401 0.79153603]
 [0.55111378 0.44888622]
 [0.40215206 0.59784794]
 [0.42385334 0.57614666]
 [0.62179995 0.37820005]
 [0.50885022 0.49114978]
 [0.48425096 0.51574904]
 [0.56204295 0.43795705]
 [0.38352928 0.61647069]
 [0.49959588 0.50040412]]"
